4294967294,0
4294967278,132
4294967278,131
4294967278,130
4294967278,129
4294967278,128
4294967278,127
4294967278,126
4294967278,125
4294967278,124
4294967278,123
4294967278,122
4294967278,121
4294967278,120
4294967278,119
4294967278,118
4294967278,117
4294967278,116
4294967278,115
4294967278,114
4294967278,113
4294967278,112
4294967278,111
4294967278,110
4294967278,109
4294967278,108
4294967278,107
4294967278,106
4294967278,105
4294967278,104
4294967278,103
4294967278,102
4294967278,101
4294967278,100
4294967278,99
4294967278,98
4294967278,97
4294967278,96
4294967278,95
4294967278,94
4294967278,93
4294967278,92
4294967278,91
4294967278,90
4294967278,89
4294967278,87
4294967278,86
4294967278,84
4294967278,83
4294967278,321
4294967278,82
4294967278,81
4294967278,80
4294967278,79
4294967278,78
4294967278,77
4294967278,76
4294967278,75
4294967278,319
4294967278,74
4294967278,73
4294967278,72
4294967278,71
4294967278,70
4294967278,69
4294967278,68
4294967278,67
4294967278,66
4294967278,65
4294967278,64
4294967278,316
4294967278,63
4294967278,62
4294967278,61
4294967278,60
4294967278,59
4294967278,58
4294967278,57
4294967278,295
4294967278,56
4294967278,55
4294967278,54
4294967278,53
4294967278,52
4294967278,51
4294967278,50
4294967278,174
4294967279,60
4294967279,56
4294967279,51
4294967279,49
4294967279,48
4294967279,47
4294967279,44
4294967279,317
4294967279,43
4294967279,295
4294967279,37
4294967279,36
4294967279,294
4294967279,33
4294967279,313
4294967279,312
4294967279,24
4294967279,22
4294967279,21
4294967279,20
4294967279,17
4294967279,14
4294967279,11
4294967279,8
4294967279,7
4294967279,6
4294967279,5
4294967279,4
4294967278,350
4294967278,0
4294967278,85
0,5
4294967294,7
4294967294,17
4294967294,67
4294967294,76
4294967294,41
4294967294,1418
4294967294,43
4294967294,418
4294967294,52
4294967294,25
4294967294,26
4294967294,202
4294967294,83
4294967278,349
4294967279,422
4294967279,421
4294967278,348
4294967278,347
4294967279,420
4294967278,346
40,5
40,4
40,3
40,2
40,1
4294967279,419
38,4
38,3
38,2
38,1
4294967278,345
4294967279,418
4294967278,344
4294967278,343
37,6
4294967279,417
37,5
37,4
37,3
37,2
37,1
4294967278,342
4294967294,474
4294967278,341
36,5
36,4
36,3
36,2
36,1
4294967279,416
4294967294,416
4294967278,340
4294967279,415
4294967294,1420
4294967279,414
35,5
35,4
35,3
35,2
35,1
34,5
34,4
34,3
34,2
34,1
4294967294,1422
33,4
33,3
33,2
33,1
4294967278,339
4294967278,338
32,5
32,4
32,3
32,2
32,1
31,5
31,4
31,3
31,2
31,1
30,5
30,4
30,3
30,2
30,1
4294967279,413
4294967294,473
4294967278,337
4294967293,131
4294967293,130
4294967293,129
4294967293,128
4294967293,127
4294967293,126
4294967293,125
4294967293,124
4294967293,123
4294967293,122
4294967293,121
4294967293,120
4294967293,119
4294967293,118
4294967293,117
4294967293,116
4294967293,115
4294967293,114
4294967293,113
4294967293,112
4294967293,111
4294967293,110
4294967293,109
4294967293,108
4294967293,107
4294967293,106
4294967293,105
4294967293,104
4294967293,103
4294967293,102
4294967293,101
4294967293,100
4294967293,99
4294967293,98
4294967293,97
4294967293,96
4294967293,95
4294967293,94
4294967293,93
4294967293,92
4294967293,91
4294967293,90
4294967293,89
4294967293,88
4294967293,87
4294967293,86
4294967293,85
4294967293,84
4294967293,83
4294967293,82
4294967293,81
4294967293,80
4294967293,79
4294967293,78
4294967293,77
4294967293,76
4294967293,75
4294967293,74
4294967293,73
4294967293,72
4294967293,71
4294967293,70
4294967293,69
4294967293,68
4294967293,67
4294967293,66
4294967293,65
4294967293,64
4294967293,63
4294967293,62
4294967293,61
4294967293,60
4294967293,59
4294967293,58
4294967293,57
4294967293,56
4294967293,55
4294967293,54
4294967293,53
4294967293,52
4294967293,51
4294967293,50
4294967293,49
4294967293,48
4294967293,47
4294967293,46
4294967293,45
4294967293,44
4294967293,43
4294967293,42
4294967293,41
4294967293,40
